10165333
1054328
10648246
1089997
12374125
12950716
12967322
13097001
14252606
1447425
14897487
151030
15329046
16134712
1628545
17670030
17831362
19037914
19405270
20808188
21468350
23757409
24823792
25016410
25808921
2606115
2650611
27486844
27577869
29130521
2958667
30932000
31131830
3298587
34372149
35278641
37872072
38899485
391112
392833
4116824
41207922
4210131
4234262
43569275
43612781
46152240
463619
48360762
48433464
51463951
51764988
52317626
54222840
54758996
55438859
5673651
57480164
57595349
5858947
58643159
59873558
62754241
63843001
66108217
6719809
72431200
7482207
778106
78905946
80613516
8077731
8311081
8315399
83956064
85692421
8781132
9047534
943773
51003621
71447445
392186
11918904
1738504
2608482
30514102
4144987
2706792
66138850
11383509
5878674
132750
610096
296112
4678540
832243
11692164
197263
569558
3129203
